obstacle.image.saturation.start=135.0
wall.canny.threshold2=1000.0
wall.canny.threshold1=100.0
car.front.stop=2399.4974874371856
ball.image.value.start=221.50251256281408
wall.image.value.stop=255.0
obstacle.image.hue.start=0.0
obstacle.image.saturation.stop=255.0
wall.image.hue.start=0.0
obstacle.minArea=527.6381909547739
ball.image.hue.stop=171.85929648241208
ball.image.saturation.start=0.0
obstacle.maxArea=2462.311557788945
wall.image.hue.stop=180.0
obstacle.canny.threshold2=1000.0
obstacle.canny.threshold1=100.0
wall.minArea=172864.32160804022
obstacle.image.hue.stop=180.0
obstacle.image.value.stop=255.0
wall.image.value.start=130.0
ball.max=295.8793969849246
wall.image.blur=7.0
car.image.hue.start=24.42211055276382
car.image.value.start=8.643216080402018
ball.image.saturation.stop=21.994974874371856
ball.image.hue.start=62.41206030150754
ball.image.value.stop=255.0
wall.image.saturation.stop=255.0
wall.image.saturation.start=135.0
car.back.stop=1192.889447236181
car.back.start=245.97989949748745
car.front.start=727.035175879397
ball.image.blur=7.0
car.image.hue.stop=56.31658291457286
car.image.saturation.stop=255.0
car.image.value.stop=255.0
car.image.blur=7.0
obstacle.image.value.start=130.0
wall.camheight=150.0
obstacle.image.blur=7.0
ball.min=30.0
car.image.saturation.start=30.753768844221103